24
(2, 6);(2, 7);(2, 10);
(3, 8);(3, 11);
(4, 8);(4, 12);(4, 13);
(5, 5);(5, 6);(5, 7);(5, 8);(5, 9); (5, 10);(5, 12);(5, 14);(5, 16);(5, 18);
(6, 11);(6, 13);(6, 15);(6, 17);(6, 19);
(7, 7); (7, 20);
(8, 3); (8, 6); (8, 18);(8, 21);
(9, 4); (9, 9); (9, 19); (9, 22);
(10, 5); (10, 8);(10, 20);
(11, 6);(11, 11);(11, 17);(11, 21);
(12, 7);(12, 10);(12, 18);(12, 22);
(13, 8); (13, 9); (13, 12); (13, 23);
(14,  8); (14, 9); (14, 11); (14, 20);
(15, 7); (15, 10); (15, 21);
(16, 9); (16, 11);(16, 16);(16, 20);(16, 22);
(17, 8);(17, 12);(17, 15);(17, 19);(17, 23);
(18, 7); (18, 14); (18, 18);
(19, 6);(19, 13);(19, 17);
(20, 5); (20, 12);
(21, 4);(21, 15);
(22, 14);
(23, 13)
(4, 11)
(21, 17)